match,home_team,away_team,market,team,line,over_price,under_price,agency
